25 7 -4 -117 109 -47 100 11 14 84 -93 61 -117 0 -62 -94 
7 15 -119 115 -32 83 45 -13 90 -91 74 -117 5 -76 -77 
7 27 -119 118 -22 95 40 -7 102 -96 78 -119 -1 -64 -79 
7 37 -114 114 -25 104 42 12 104 -78 97 -123 6 -75 -64 
7 59 -105 125 0 58 97 -43 113 -103 59 -120 -7 -52 -76 
7 -117 -19 -32 -76 71 -96 124 4 70 89 -12 119 -99 68 
7 -121 -7 -62 -60 64 -89 111 -41 121 38 21 119 -75 93 
7 -91 -51 28 -78 109 -57 119 31 54 111 -38 117 -123 5 
7 -92 -53 15 -75 115 -35 113 48 30 122 -46 103 -122 14 
7 -98 -56 18 -77 119 -11 94 85 8 120 -99 65 -121 -9 
7 -96 -61 30 -81 115 1 98 73 28 114 -83 78 -121 13 
7 -96 -68 39 -82 109 26 96 79 17 112 -73 95 -124 27 
7 -70 -85 55 -75 103 59 40 112 -50 112 -104 58 -117 -21 
7 -59 -94 62 -67 97 64 50 113 -54 117 -111 31 -103 -53 
7 -42 -106 69 -54 86 73 36 118 -58 110 -105 40 -105 -60 
7 -24 -115 71 -46 79 75 21 123 -63 95 -107 7 -90 -80 
7 -10 -121 75 -29 71 80 14 115 -49 97 -104 5 -92 -79 
7 15 -118 76 -14 61 82 13 111 -59 78 -103 -37 -80 -91 
7 -88 -84 25 -117 74 -31 59 76 9 98 -52 70 -92 -7 
7 -72 -94 48 -109 77 -31 61 65 6 89 -70 40 -96 -57 
7 -75 -96 63 -100 84 -11 57 62 0 91 -62 49 -99 -44 
7 -54 -105 74 -92 87 0 32 81 -15 99 -88 4 -96 -64 
7 -39 -111 88 -80 92 -6 43 72 -20 96 -99 -4 -91 -73 
7 -24 -113 101 -64 71 44 -16 98 -91 21 -108 -17 -78 -87 
7 -20 -113 108 -53 78 34 -11 93 -97 45 -112 -11 -67 -95 
