20 7 -92 -21 -51 -74 -1 -91 67 -63 80 -4 23 36 -67 23 
7 -90 -32 -42 -79 32 -87 88 -47 81 17 6 38 -72 9 
7 23 45 -68 3 -77 -55 -10 -88 71 -73 103 -16 80 30 
7 -6 -90 85 -63 104 -2 83 41 29 54 -62 -3 -71 -59 
7 -49 -76 13 -88 88 -54 104 -5 80 47 17 55 -58 -10 
7 3 -87 83 -53 96 8 58 59 -2 58 -51 -8 -51 -58 
7 -1 -88 70 -61 82 2 45 60 -3 68 -42 19 -46 -53 
7 45 -79 74 -32 64 25 17 64 -34 63 -51 1 -21 -80 
7 -31 -65 29 -86 78 -43 76 7 37 48 -35 67 -64 31 
7 -78 10 -23 -68 40 -80 80 -46 83 15 21 55 -63 53 
7 -93 3 -23 -71 62 -72 93 -21 68 37 1 54 -69 48 
7 -104 9 -71 -48 32 -78 91 -37 88 18 42 52 -50 48 
7 -79 -51 16 -78 88 -40 83 27 28 60 -58 41 -103 -12 
7 -76 -62 13 -77 75 -42 84 11 42 55 -42 48 -99 -26 
7 -90 -55 -57 25 -26 59 30 57 75 13 58 -52 -23 -78 
7 -74 -69 -60 17 -46 52 25 55 62 13 55 -43 -5 -81 
7 -61 -75 -72 26 -31 57 19 47 54 -1 37 -59 -14 -82 
7 -50 -80 -80 6 -59 46 -4 49 46 13 48 -41 5 -80 
7 -39 -84 -88 -8 -67 38 -17 45 45 12 56 -34 16 -82 
7 -94 -12 -45 -76 16 -88 58 -54 67 -5 22 34 -65 32 
