20 7 7 -60 62 -51 94 11 36 66 -45 57 -86 1 -48 -55 
7 -55 -52 1 -53 47 -39 92 26 43 69 -25 55 -82 -3 
7 -5 -52 46 -18 82 49 45 74 -28 50 -74 -17 -58 -55 
7 -46 -68 12 -42 58 21 65 75 22 85 -43 39 -68 -36 
7 -30 -74 19 -39 52 28 48 94 -18 81 -58 11 -63 -49 
7 -21 95 -67 20 -58 -58 -17 -81 29 -38 50 45 27 104 
7 -30 98 25 102 54 12 19 -78 -28 -91 -69 -28 -65 53 
7 -21 -91 32 -84 58 8 19 87 -43 91 -66 44 -69 -33 
7 -9 -97 40 -80 58 -6 22 75 -42 88 -75 31 -58 -59 
7 38 -76 65 -29 53 30 -11 85 -55 62 -78 3 -28 -83 
7 -8 -75 45 -62 68 -5 36 48 -37 66 -79 23 -65 -41 
7 -43 -50 36 -48 68 -12 63 27 12 54 -56 49 -84 -1 
7 -34 -41 33 -36 67 3 54 38 -16 54 -73 25 -82 -15 
7 -24 -41 44 -28 70 14 53 46 -21 67 -82 32 -77 -16 
7 -43 -41 26 -44 67 -5 54 50 -27 79 -85 43 -83 -9 
7 -64 -39 21 -62 72 -19 59 46 14 82 -54 88 -95 36 
7 -60 -40 27 -69 69 -36 64 31 6 84 -58 94 -95 40 
7 -52 -45 43 -72 81 -23 57 44 -24 92 -70 84 -97 33 
7 -57 -50 53 -74 90 -23 56 46 -6 82 -59 77 -94 30 
7 -45 -55 57 -67 94 -16 54 55 -27 76 -66 60 -90 7 
